1.07317,-0.99939,1,-1
0.00199699,-0.998871,1,-1
0.0020096,-0.998474,1,-1
0.00201267,-0.998169,1,-1
0.00197899,-0.997955,1,-695.812
0.00198068,-0.997436,1,2439.79
0.0020205,-0.996521,1,2969.88
0.00200121,-0.995514,1,783.795
0.00200014,-0.994751,1,-1915.8
0.00199854,-0.993927,1,482.06
0.00199351,-0.992767,1,2667.06
0.0020002,-0.991485,1,924.789
0.00200709,-0.990204,1,-37.5757
0.00200109,-0.988891,1,266.259
0.00200027,-0.987549,1,240.607
0.0019923,-0.986084,1,1005.17
0.00200794,-0.984466,1,1095.99
0.00199905,-0.982849,1,52.8201
0.0019946,-0.981231,1,24.9773
0.00200032,-0.979492,1,918.524
0.00200878,-0.977691,1,414.274
0.00200402,-0.975799,1,745.94
0.00198735,-0.973877,1,364.27
0.00199919,-0.971923,1,146.15
0.00200254,-0.969879,1,687.824
0.00199808,-0.967803,1,272.136
0.00200302,-0.965698,1,194.988
0.0019608,-0.963622,1,109.49
0.00203429,-0.961456,1,100.752
0.00199715,-0.959319,1,67.3292
0.00201081,-0.957153,1,119.748
0.00199463,-0.954986,1,133.818
0.00199759,-0.952789,1,211.041
0.00200198,-0.9505,1,675.887
0.00201207,-0.94818,1,143.292
0.00198801,-0.94583,1,459.042
0.00199734,-0.943481,1,-90.9048
0.00199921,-0.9411,1,218.561
0.00200388,-0.938689,1,191.177
0.00200289,-0.936248,1,244.257
0.00199432,-0.933806,1,78.4587
0.0019977,-0.931365,1,-36.6063
0.00200786,-0.928893,1,136.922
0.00199685,-0.926329,1,824.007
0.00199677,-0.923766,1,-3.45811
0.00199949,-0.921172,1,208.172
0.00199889,-0.918517,1,481.836
0.00200456,-0.915892,1,-301.757
0.00201033,-0.913298,1,-300.112
0.00199932,-0.910704,1,107.479
0.00199043,-0.908141,1,-154.737
0.00200056,-0.905547,1,132.968
0.00200563,-0.902983,1,-293.806
0.00199812,-0.900389,1,311.444
0.00199994,-0.897765,1,216.883
0.00199986,-0.895109,1,236.365
0.00200176,-0.892424,1,215.204
0.00199297,-0.889738,1,89.0222
0.00200529,-0.887053,1,-134.057
0.0019992,-0.884337,1,299.771
0.00200645,-0.881682,1,-557.421
0.00198955,-0.878965,1,657.603
0.00203179,-0.876249,1,-443.079
0.00197302,-0.873411,1,1614.77
0.00200173,-0.870573,1,-328.218
0.00199958,-0.867735,1,19.6006
0.00200882,-0.864927,1,-344.065
0.00198501,-0.862181,1,-225.665
0.00200275,-0.859434,1,-196.516
0.00200336,-0.856718,1,-249.71
0.00200188,-0.854002,1,11.4413
0.0020035,-0.851286,1,-21.5214
0.00199317,-0.848539,1,347.778
0.00200111,-0.845792,1,-90.2162
0.00199978,-0.842985,1,489.459
0.00202399,-0.840208,1,-498.999
0.00197604,-0.83743,1,525.001
0.0020003,-0.834653,1,-272.051
0.00200251,-0.831876,1,-28.3401
0.0019932,-0.829068,1,339.092
0.00200124,-0.826291,1,-332.589
0.00199613,-0.823423,1,773.285
0.00200899,-0.820523,1,89.3369
0.00199399,-0.817563,1,648.755
0.00200257,-0.814694,1,-821.386
0.00199701,-0.811856,1,-182.029
0.00200457,-0.809079,1,-565.528
0.00199919,-0.806302,1,54.2924
0.00200055,-0.803525,1,-19.2322
0.00200587,-0.800778,1,-300.28
0.00199599,-0.79794,1,824.281
0.00199555,-0.795071,1,241.327
0.00200297,-0.792172,1,151.012
0.0019605,-0.789334,1,-0.828647
0.00199591,-0.786526,1,-649.382
0.00199978,-0.783749,1,-286.855
0.00199954,-0.780972,1,-1.73007
0.00199964,-0.778134,1,474.162
0.00200284,-0.775265,1,198.943
0.00199737,-0.772366,1,297.661
0.00200222,-0.769375,1,657.793
0.00200324,-0.766445,1,-494.184
0.00199759,-0.763546,1,-179.647
0.00199521,-0.760708,1,-458.856
0.00200474,-0.757931,1,-587.455
0.00200124,-0.755123,1,273.164
0.00200535,-0.752377,1,-526.2
0.00199134,-0.749569,1,631.117
0.00199978,-0.746731,1,141.93
0.00199969,-0.743862,1,236.38
0.00200198,-0.740902,1,687.417
0.00199702,-0.738003,1,-427.525
0.00200126,-0.735134,1,-292.032
0.00201086,-0.732296,1,-348.394
0.00199074,-0.729458,1,220.699
0.0019972,-0.72665,1,-317.262
0.00200325,-0.723751,1,645.769
0.0019957,-0.720821,1,322.452
0.0020022,-0.71783,1,398.962
0.00199904,-0.71487,1,-207.185
0.00200296,-0.712001,1,-766.849
0.00200103,-0.709163,1,-222.126
0.00199786,-0.706386,1,-449.334
0.00199769,-0.703609,1,-2.49068
0.00200353,-0.700832,1,-67.9597
0.00199545,-0.698024,1,324.802
0.00200293,-0.695155,1,391.128
0.00199808,-0.692256,1,290.422
0.00200394,-0.689326,1,167.835
0.00199736,-0.686427,1,-169.048
0.00200017,-0.683589,1,-515.687
0.00200134,-0.680781,1,-256.738
0.00200333,-0.677943,1,212.669
0.0019943,-0.675074,1,337.642
0.00200124,-0.672145,1,396.021
0.00199687,-0.669154,1,526.778
0.00200499,-0.666133,1,138.9
0.00199658,-0.663203,1,-626.034
0.00200373,-0.660334,1,-564.083
0.00199608,-0.657527,1,-399.281
0.00200274,-0.654749,1,-316.785
0.0019968,-0.651972,1,60.6133
0.0020021,-0.649195,1,-62.1077
0.00200395,-0.646357,1,452.989
0.00199839,-0.643488,1,297.657
0.00199587,-0.640558,1,505.351
0.00200286,-0.637659,1,-323.71
0.00199786,-0.634821,1,-427.848
0.00200339,-0.631983,1,-65.9172
0.00199694,-0.629206,1,-413.135
0.00200112,-0.626368,1,428.762
0.00199841,-0.623499,1,265.986
0.00200205,-0.620569,1,432.955
0.00199808,-0.617578,1,521.522
0.00200591,-0.614588,1,-96.0729
0.00199186,-0.611688,1,-563.484
0.002005,-0.60885,1,-630.874
0.00199734,-0.606043,1,-159.258
0.00200014,-0.603235,1,-35.2034
0.00199941,-0.600488,1,-475.987
0.00200161,-0.597681,1,450.615
0.00199829,-0.594812,1,512.382
0.002002,-0.591913,1,193.068
0.00199825,-0.589014,1,38.2476
0.00200209,-0.586145,1,-287.249
0.00200478,-0.583337,1,-511.61
0.00199411,-0.580529,1,113.735
0.00199859,-0.577752,1,-294.042
0.00200346,-0.574945,1,181.582
0.00199878,-0.572045,1,767.131
0.00200163,-0.569085,1,441.694
0.00199596,-0.566094,1,302.28
0.00200239,-0.563195,1,-797.348
0.00199981,-0.560357,1,-454.517
0.00199942,-0.557549,1,-239.794
0.00199815,-0.554742,1,9.65848
0.00200222,-0.551965,1,-288.254
0.00199927,-0.549187,1,27.7562
0.00200345,-0.54641,1,-49.7905
0.001995,-0.543542,1,810.749
0.00200395,-0.540642,1,133.603
0.001997,-0.537743,1,74.8421
0.00200246,-0.534936,1,-783.731
0.00199793,-0.532128,1,45.57
0.00200173,-0.529351,1,-285.5
0.00199674,-0.526543,1,290.702
0.00200398,-0.523735,1,-84.0504
0.00199813,-0.520836,1,780.491
0.00200262,-0.517876,1,422.684
0.0019951,-0.514855,1,564.83
0.0020027,-0.511955,1,-1050.68
0.00199823,-0.509087,1,-193.576
0.00200169,-0.50631,1,-761.19
0.00200278,-0.503532,1,-16.1572
0.00199742,-0.500786,1,-186.132
0.00199882,-0.498039,1,-19.4422
0.00200327,-0.495201,1,664.446
0.0019969,-0.492363,1,66.7468
0.00200156,-0.489464,1,422.205
0.00199772,-0.486625,1,-441.05
0.00200311,-0.483848,1,-542.115
0.00199699,-0.481041,1,302.811
0.00200261,-0.478233,1,-66.2101
0.00199749,-0.475456,1,-188.166
0.00200785,-0.472587,1,596.808
0.00199286,-0.469657,1,647.802
0.00200066,-0.466697,1,145.051
0.0019996,-0.463706,1,247.569
0.00200227,-0.460746,1,-274.913
0.00199713,-0.457877,1,-665.653
0.00200151,-0.45507,1,-532.318
0.001998,-0.452354,1,-686.081
0.0020015,-0.449607,1,197.671
0.00199935,-0.44683,1,258.77
0.00200128,-0.444022,1,213.994
0.00200391,-0.441154,1,444.239
0.00199731,-0.438254,1,310.33
0.00199659,-0.435325,1,244.275
0.00200182,-0.432486,1,-782.308
0.00199823,-0.429679,1,-204.463
0.00200258,-0.426902,1,-291.265
0.00199667,-0.424094,1,300.665
0.00200318,-0.421256,1,162.856
0.001998,-0.418296,1,1013.95
0.00200125,-0.415335,1,-42.1904
0.0019971,-0.412375,1,43.8365
0.00200862,-0.409476,1,-612.656
0.00199164,-0.406668,1,-535.33
0.0019951,-0.403861,1,-42.8749
0.00200612,-0.401083,1,-363.63
0.00200191,-0.398306,1,41.3834
0.00199865,-0.395499,1,271.151
0.0020096,-0.39266,1,113.368
0.00198825,-0.389761,1,720.216
0.00200231,-0.386831,1,74.1017
0.00199898,-0.383963,1,-445.947
0.00200134,-0.381125,1,-270.338
0.0020005,-0.378286,1,4.93391
0.00199943,-0.375479,1,-232.235
0.00199882,-0.372671,1,2.34007
0.00200319,-0.369772,1,664.36
0.00199587,-0.366842,1,319.681
0.00200286,-0.363851,1,393.175
0.00199778,-0.360891,1,-184.98
0.00200186,-0.358053,1,-1008.79
0.00199948,-0.355184,1,262.021
0.00200076,-0.352407,1,-737.355
0.00199774,-0.34966,1,-211.527
0.00200304,-0.346883,1,177.636
0.00199748,-0.344045,1,536.796
0.00200308,-0.341176,1,172.29
0.00199749,-0.338277,1,298.914
0.00200125,-0.335317,1,431.422
0.00199709,-0.332448,1,-677.055
0.00200536,-0.32958,1,-97.2374
0.00199426,-0.326741,1,-119.952
0.00200958,-0.323903,1,-174.074
0.00199052,-0.321035,1,450.994
0.00200299,-0.318105,1,332.848
0.00199782,-0.315114,1,535.43
0.00200127,-0.312093,1,194.324
0.00199777,-0.309163,1,-683.49
0.00200265,-0.306294,1,-538.607
0.00199768,-0.303487,1,-428.831
0.0020027,-0.30071,1,-298.576
0.00200421,-0.297932,1,-20.7855
0.00199657,-0.295125,1,319.623
0.00199865,-0.292317,1,-27.4105
0.00200071,-0.289387,1,930.987
0.00199778,-0.286488,1,-210.894
0.00200119,-0.283558,1,196.13
0.00199899,-0.280659,1,-219.121
0.00200389,-0.27779,1,-298.771
0.00199662,-0.274952,1,-162.86
0.00200109,-0.272084,1,185.169
0.00199794,-0.269215,1,31.1518
0.00200721,-0.266255,1,605.625
0.00199346,-0.263233,1,638.33
0.00200309,-0.260212,1,-118.787
0.0019985,-0.257313,1,-910.169
0.0020017,-0.254444,1,-280.041
0.00199769,-0.251606,1,-199.412
0.00200076,-0.248829,1,-517.59
0.00199929,-0.246021,1,251.545
0.00200173,-0.243183,1,208.015
0.00199748,-0.240314,1,283.307
0.0020019,-0.237385,1,424.287
0.00200475,-0.234485,1,-275.539
0.00199634,-0.231556,1,331.984
0.00199736,-0.228687,1,-496.901
0.00199126,-0.225849,1,-176.832
0.00200615,-0.223011,1,-169.953
0.00200396,-0.220111,1,497.238
0.00199725,-0.217212,1,72.019
0.00200364,-0.214221,1,639.44
0.00199809,-0.2112,1,300.81
0.00200254,-0.208179,1,-57.3192
0.00199728,-0.205249,1,-662.971
0.00200492,-0.20238,1,-568.982
0.00199554,-0.199542,1,-139.302
0.00200214,-0.196704,1,-77.8827
0.00199619,-0.193896,1,-178.549
0.00200282,-0.190997,1,639.636
0.00199592,-0.188067,1,314.99
0.00200311,-0.185138,1,-87.0964
0.00199899,-0.182177,1,282.779
0.00200284,-0.179309,1,-766.06
0.00199625,-0.176471,1,-170.566
0.002006,-0.173632,1,-112.578
0.00199463,-0.170764,1,363.571
0.00200363,-0.167834,1,371.943
0.00199567,-0.164874,1,328.011
0.00200245,-0.161852,1,394.887
0.00199791,-0.158831,1,49.4078
0.00200392,-0.155871,1,-553.068
0.001997,-0.152972,1,-404.77
0.00200105,-0.150103,1,-289.93
0.00200012,-0.147265,1,-233.596
0.00199956,-0.144457,1,-237.89
0.00200008,-0.141588,1,469.105
0.00200074,-0.138659,1,467.218
0.0019986,-0.135729,1,20.1666
0.00200216,-0.132769,1,193.75
0.0019984,-0.1299,1,-680.902
0.00200253,-0.127001,1,188.299
0.0019965,-0.124132,1,-176.135
0.00200123,-0.121263,1,-57.7422
0.00199901,-0.118364,1,260.454
0.00200147,-0.115373,1,685.586
0.00199717,-0.112352,1,286.484
0.00200402,-0.1093,1,153.087
0.00199779,-0.10631,1,-410.264
0.00200112,-0.10341,1,-761.778
0.00199697,-0.100511,1,42.8735
0.00200342,-0.0976425,1,-316.58
0.00199844,-0.0948348,1,-428.318
0.00200215,-0.0919966,1,193.932
0.00200404,-0.0890974,1,452.016
0.00199531,-0.0861372,1,576.795
0.00199829,-0.0831769,1,-39.2633
0.00200085,-0.0802777,1,-513.158
0.00199828,-0.0773785,1,24.8987
0.0020017,-0.0745098,1,-282.626
0.00199839,-0.0716411,1,32.9746
0.00200117,-0.0687419,1,203.661
0.00199827,-0.0657816,1,508.747
0.00200224,-0.0627909,1,188.624
0.00199751,-0.0597391,1,531.615
0.00200767,-0.0567178,1,-363.384
0.00199254,-0.0537881,1,-548.767
0.00200407,-0.0508888,1,-375.752
0.00199622,-0.0480507,1,-396.062
0.00200338,-0.0452125,1,-84.0308
0.00199718,-0.0423743,1,64.8154
0.00200359,-0.0394751,1,401.866
0.00199492,-0.0365759,1,94.632
0.00200392,-0.0336156,1,370.749
0.0019979,-0.0306554,1,65.5229
0.00200072,-0.0277562,1,-516.29
0.00200477,-0.0248569,1,-50.3457
0.00199526,-0.0219883,1,-136.656
0.00199877,-0.019089,1,195.878
0.00200093,-0.0161593,1,210.358
0.00199957,-0.0131685,1,490.797
0.00200209,-0.0101472,1,205.077
0.00199679,-0.00712596,1,58.5252
0.00200205,-0.00419623,1,-784.46
0.00200429,-0.00132753,1,-507.386
0.00199704,0.00151064,1,-163.035
0.0019969,0.0043183,1,-243.164
0.00200618,0.00712596,1,-106.278
0.00199478,0.00993362,1,121.673
0.00200306,0.0128328,1,621.133
0.00199799,0.0157931,1,533.599
0.00199988,0.0187228,1,-266.099
0.00199768,0.021622,1,-219.388
0.00200181,0.0245212,1,-51.329
0.0019982,0.0273899,1,-203.506
0.00200413,0.0302586,1,-70.969
0.00200021,0.0331579,1,279.289
0.00199959,0.0361181,1,482.143
0.0019955,0.0391394,1,524.743
0.00200289,0.0421912,1,146.851
0.00199923,0.045182,1,-440.345
0.00200304,0.0480507,1,-1004.89
0.00199703,0.0508888,1,-177.009
0.00200229,0.053727,1,-62.9714
0.00199679,0.0565042,1,-423.832
0.00200314,0.0593118,1,165.411
0.00199758,0.0621805,1,537.539
0.00200273,0.0650797,1,176.644
0.0019958,0.06804,1,556.012
0.00200464,0.0709697,1,-345.476
0.0019965,0.0738384,1,-391.742
0.00200242,0.0767071,1,-71.074
0.00199764,0.0795453,1,-190.642
0.00200139,0.082414,1,193.083
0.00199941,0.0853437,1,497.517
0.00202536,0.088304,1,-61.9828
0.001973,0.0913252,1,1105.66
0.002002,0.0943771,1,-113.385
0.00199777,0.0973068,1,-914.583
0.00200184,0.100145,1,-768.95
0.00199869,0.102953,1,-209.231
0.00200155,0.10573,1,-275.136
0.00199823,0.108537,1,271.982
0.00200358,0.111376,1,175.656
0.00199665,0.114244,1,313.384
0.00200382,0.117174,1,392.545
0.00200526,0.120104,1,-20.9551
0.00198531,0.123003,1,-15.3034
0.00200364,0.125841,1,-691.554
0.00199636,0.128649,1,-163.552
0.00201433,0.131487,1,36.2317
0.00199401,0.134356,1,462.901
0.00199678,0.137316,1,685.516
0.00200439,0.140307,1,145.946
0.00199653,0.143297,1,87.8788
0.00200269,0.146258,1,-315.821
0.00199689,0.149157,1,-417.75
0.00200604,0.151995,1,-584.548
0.00199438,0.154803,1,-115.134
0.00200246,0.15761,1,-93.4772
0.00199818,0.160418,1,42.8547
0.00200217,0.163287,1,430.052
0.00199566,0.166186,1,309.827
0.00200513,0.169085,1,-111.915
0.00199663,0.171984,1,92.383
0.0020016,0.174823,1,-539.527
0.00199873,0.177661,1,27.6057
0.00200072,0.180468,1,-266.043
0.00200424,0.183307,1,195.63
0.00199639,0.186236,1,804.879
0.0019975,0.189197,1,222.959
0.00200264,0.192187,1,174.913
0.00199845,0.195148,1,-195.377
0.00200078,0.198047,1,-510.541
0.00200011,0.200885,1,-476.093
0.0020007,0.203662,1,-489.872
0.00199823,0.20647,1,262.704
0.0020014,0.209247,1,-278.676
0.00199785,0.212055,1,274.668
0.00200689,0.214954,1,610.64
0.00199338,0.217884,1,391.092
0.00200201,0.220813,1,-103.882
0.00199671,0.223713,1,-183.729
0.00200328,0.226581,1,-318.011
0.00199772,0.229419,1,-181.992
0.00200195,0.232258,1,-51.4453
0.00199748,0.235126,1,285.712
0.00200363,0.238056,1,404.152
0.00199883,0.241047,1,530.625
0.0019997,0.244038,1,-14.7528
0.001998,0.246937,1,-704.92
0.00200383,0.249836,1,-70.661
0.00199576,0.252644,1,-634.395
0.00200313,0.255451,1,-85.524
0.00199664,0.258259,1,67.354
0.00200351,0.261036,1,-318.824
0.0019971,0.263905,1,786.706
0.0020021,0.266773,1,-60.7182
0.00199798,0.269673,1,282.254
0.00200267,0.272541,1,-296.763
0.00199918,0.275349,1,-444.879
0.00200132,0.278187,1,211.426
0.00199804,0.280995,1,-207.84
0.00200307,0.283833,1,179.152
0.0019978,0.286732,1,534.82
0.00199964,0.289662,1,214.294
0.00199854,0.292683,1,728.288
0.00200234,0.295674,1,-288.583
0.00199737,0.298634,1,-186.38
0.00200242,0.301503,1,-780.386
0.00199842,0.304311,1,-439.398
0.00200156,0.307057,1,-517.548
0.00199767,0.309865,1,518.121
0.00200248,0.312642,1,-296.415
0.00199879,0.315511,1,755.812
0.00200088,0.31841,1,211.543
0.00199923,0.321309,1,14.2569
0.00200489,0.324147,1,-545.482
0.00200082,0.326925,1,-438.192
0.00199747,0.329732,1,272.643
0.00199463,0.33254,1,27.0881
0.00200304,0.335378,1,141.92
0.00199784,0.338277,1,533.962
0.00200255,0.341238,1,420.147
0.00199891,0.344228,1,277.765
0.00200085,0.347189,1,-266.809
0.00199777,0.350088,1,-449.021
0.00200149,0.352926,1,-525.326
0.00199895,0.355703,1,-455.9
0.00200577,0.358511,1,159.978
0.00199508,0.361288,1,-127.098
0.00200168,0.364096,1,162.87
0.00199796,0.366995,1,757.188
0.00200172,0.369894,1,-47.1854
0.00199771,0.372793,1,41.2404
0.0020026,0.375631,1,-538.063
0.00199725,0.378408,1,-425.367
0.00200201,0.381216,1,182.969
0.00199957,0.384024,1,22.4704
0.0020012,0.386893,1,456.519
0.00200327,0.389792,1,211.215
0.00199648,0.392782,1,794.608
0.00199809,0.395773,1,-23.5064
0.00200194,0.398734,1,-288.919
0.00199793,0.401572,1,-918.469
0.00200155,0.404349,1,-523.231
0.00199784,0.407156,1,276.361
0.00200495,0.409903,1,-559.455
0.00199433,0.41268,1,351.68
0.00200964,0.415549,1,541.958
0.00198963,0.418418,1,222.173
0.00200877,0.421347,1,255.946
0.00199198,0.424247,1,-52.1501
0.00200252,0.427115,1,-363.749
0.00199854,0.429923,1,-439.604
0.00200103,0.432731,1,-31.7394
0.00199864,0.435569,1,261.924
0.00199386,0.438437,1,290.402
0.0020056,0.441398,1,578.764
0.00200467,0.444388,1,244.737
0.00199481,0.44741,1,352.601
0.00200487,0.45034,1,-839.149
0.00199641,0.453147,1,-869.135
0.00200125,0.455955,1,-57.7091
0.00199965,0.458762,1,13.2639
0.00200241,0.46154,1,-273.81
0.00199829,0.464347,1,280.669
0.00200227,0.467216,1,429.996
0.00199561,0.470146,1,552.404
0.00200242,0.473045,1,-321.894
0.00199833,0.475914,1,-197.912
0.00200204,0.478752,1,-285.327
0.00199659,0.481559,1,-184.017
0.00200323,0.484367,1,-77.4237
0.00199786,0.487236,1,535.187
0.00200415,0.490135,1,163.708
0.00199542,0.493126,1,817.411
0.00200183,0.496147,1,159.432
0.00199924,0.499138,1,-213.59
0.00200201,0.502068,1,-515.45
0.00199739,0.504997,1,48.8267
0.00200196,0.507836,1,-774.55
0.00199816,0.510643,1,-202.159
0.00200282,0.513451,1,-55.5851
0.00199733,0.51632,1,536.81
0.00200268,0.519188,1,-64.56
0.00199665,0.522118,1,544.548
0.00200378,0.524987,1,-563.83
0.00199593,0.527825,1,-156.384
0.0020034,0.530694,1,151.316
0.00200255,0.533532,1,-233.892
0.00199881,0.53637,1,37.2839
0.00199637,0.5393,1,744.558
0.00200237,0.542229,1,-73.4677
0.00199785,0.545251,1,768.078
0.00200225,0.548241,1,-295.722
0.00199768,0.551171,1,-431.268
0.00200198,0.55404,1,-532.221
0.00199661,0.556847,1,-424.731
0.00200372,0.559686,1,156.162
0.00199708,0.562463,1,-410.992
0.00200753,0.56527,1,120.23
0.00199188,0.5682,1,1135.37
0.00200145,0.571099,1,-354.094
0.00200058,0.574029,1,244.999
0.00200173,0.576959,1,-17.6343
0.00199719,0.579828,1,-432.916
0.00200133,0.582666,1,-290.316
0.0019984,0.585504,1,28.2783
0.00200354,0.588342,1,-61.5673
0.00199522,0.591272,1,811.108
0.00200232,0.594263,1,392.146
0.00200443,0.597253,1,-29.2103
0.00199768,0.600244,1,74.7689
0.00199736,0.603174,1,-481.284
0.00200135,0.606012,1,-768.448
0.00199933,0.60885,1,18.1619
0.00200187,0.611627,1,-511.093
0.00200156,0.614435,1,238.383
0.00199911,0.617304,1,502.412
0.00199538,0.620203,1,278.609
0.00200242,0.623163,1,393.601
0.00199742,0.626062,1,-426.836
0.00200809,0.628992,1,112.611
0.00199288,0.631861,1,-311.757
0.00200206,0.63473,1,-107.977
0.00199627,0.637629,1,301.573
0.00200946,0.640528,1,-153.458
0.0019918,0.643519,1,922.262
0.0020034,0.646509,1,-140.787
0.00199786,0.649531,1,300.793
0.00200161,0.652491,1,-527.575
0.00199859,0.65539,1,-449.392
0.00200027,0.658228,1,-502.777
0.0019991,0.661036,1,-231.237
0.00200274,0.663844,1,-44.3118
0.00199582,0.666682,1,312.75
0.00200316,0.669581,1,391.785
0.00199632,0.67248,1,73.5462
0.00200389,0.675441,1,387.091
0.00199846,0.67837,1,-181.429
0.0020016,0.681239,1,-519.125
0.00199759,0.684108,1,40.8477
0.00200243,0.686946,1,-298.024
0.00199794,0.689876,1,766.233
0.00200099,0.692805,1,-39.5342
0.00199879,0.695827,1,740.715
0.002003,0.698848,1,-54.3642
0.00199889,0.701839,1,-195.701
0.00199957,0.704768,1,-492.044
0.00199957,0.707668,1,-244.178
0.0020005,0.710506,1,-494.151
0.00199854,0.713313,1,-222.464
0.00200165,0.716121,1,-38.6507
0.00199943,0.71902,1,739.515
0.00200054,0.72192,1,-17.1221
0.00199806,0.72488,1,504.191
0.0020035,0.72781,1,-306.406
0.00199825,0.730678,1,-424.192
0.00200242,0.733577,1,187.754
0.00199569,0.736446,1,-168.356
0.00200314,0.739345,1,150.687
0.00200253,0.742275,1,241.558
0.00199827,0.745266,1,524.773
0.00199649,0.748287,1,256.928
0.00200113,0.751278,1,-299.003
0.00199918,0.754177,1,-701.077
0.00200324,0.757076,1,-50.612
0.00199693,0.759884,1,-653.684
0.00200204,0.762692,1,-60.6605
0.001997,0.76553,1,291.712
0.00200356,0.768368,1,-77.345
0.00199568,0.771237,1,324.411
0.00201077,0.774166,1,301.191
0.00198935,0.777127,1,485.53
0.00200474,0.780056,1,-421.952
0.00199598,0.782925,1,-384.839
0.00200261,0.785794,1,-79.0161
0.00199648,0.788663,1,64.7868
0.00200494,0.791592,1,377.565
0.00199638,0.794553,1,334.673
0.00200369,0.797543,1,149.443
0.00199626,0.800626,1,804.635
0.00200304,0.803586,1,-1042.3
0.00200303,0.806516,1,-243.253
0.00199609,0.809384,1,-405.699
0.00199818,0.812222,1,-268.1
0.00200143,0.815,1,-519.252
0.00199853,0.817838,1,507.356
0.00200181,0.820706,1,198.365
0.00199852,0.823636,1,512.738
0.00200154,0.826566,1,-39.2167
0.00199762,0.829465,1,-199.544
0.00199348,0.832334,1,-198.173
0.00200531,0.835203,1,-137.388
0.00199461,0.838041,1,-124.539
0.0020069,0.840909,1,97.3375
0.00200138,0.843839,1,536.15
0.00199977,0.846799,1,253.745
0.00199977,0.849851,1,714.62
0.00199886,0.852873,1,-233.486
0.00200259,0.855833,1,-526.803
0.00199736,0.858671,1,-904.775
0.00200378,0.861509,1,-75.7483
0.00199497,0.864317,1,-146.83
0.00200321,0.867094,1,-334.032
0.00199723,0.869963,1,781.988
0.00200244,0.872862,1,176.034
0.0019978,0.875792,1,288.592
0.0020037,0.878691,1,-310.923
0.00199751,0.88159,1,66.0738
0.00200133,0.884428,1,-526.598
0.00199891,0.887266,1,22.6425
0.00200172,0.890105,1,-35.676
0.00199708,0.893004,1,528.191
0.00200244,0.895964,1,412.758
0.00199889,0.898955,1,276.728
0.00200196,0.901976,1,198.595
0.00199664,0.904967,0.47797,-180.535
0.00200684,0.907866,0.468526,-836.564
0.00199584,0.910735,0.45937,-118.671
0.00200075,0.913573,0.450311,-297.991
0.00199665,0.916381,0.441349,-197.807
0.00200493,0.919219,0.432482,144.351
0.00199711,0.922057,0.42352,84.1207
0.00200042,0.924895,0.414557,-40.0702
0.00199893,0.927703,0.405594,-226.334
0.00200293,0.930449,0.396728,-524.936
0.00199711,0.933165,0.388055,-180.477
0.00200076,0.935851,0.379477,-281.429
0.00199855,0.938567,0.370997,260.524
0.00200207,0.941405,0.362419,916.231
0.00199677,0.944366,0.353457,1018
0.00200326,0.947295,0.344109,-317.261
0.00200345,0.950225,0.334857,-5.13977
0.00199585,0.953155,0.325605,84.6399
0.00199772,0.955993,0.316353,-745.173
0.00200219,0.95874,0.307391,-769.984
0.00199759,0.961425,0.298717,-433.643
0.00200227,0.96405,0.290236,-530.209
0.00199721,0.966613,0.281948,-431.065
0.00200351,0.969177,0.273853,-65.92
0.00199736,0.971771,0.265758,299.776
0.00200222,0.974487,0.257566,904.501
0.00199777,0.977264,0.248989,525.267
0.00200607,0.97998,0.240219,-569.175
0.00199573,0.982666,0.231642,-132.913
0.00200238,0.98526,0.223161,-789.944
0.00199657,0.987854,0.214969,56.8652
0.00200365,0.990417,0.206777,-313.164
0.00199573,0.993011,0,318.548
0.00200173,0.995697,0,654.706
0.00199778,0.998413,0,279.79
0.00200421,1,0,-8900.83
0.0659976,0.999573,0,-379.983
0.00200173,0.997894,0,-13057.2
0.00199649,0.996246,0,207.191
0.00200373,0.994629,0,286.807
0.00199673,0.993011,0,-43.3225
0.00200232,0.991333,0,-441.488
0.00199735,0.989532,0,-992.698
0.00200492,0.987762,0.201477,292.749
0.00199599,0.986023,0.207067,179.363
0.00200138,0.984283,0.21256,37.7201
0.00199775,0.982574,0.218053,216.217
0.00200228,0.981018,0.22345,1226.81
0.00200137,0.979736,0.228365,2149.16
0.00200098,0.978424,0.232413,-240.889
0.00199612,0.97702,0.236557,-746.47
0.00200277,0.975586,0.24099,-201.784
0.0019987,0.974334,0.245519,1417.47
0.00200052,0.973358,0.249471,2165.23
0.00199719,0.972503,0.252554,948.743
0.002002,0.971527,0.255253,-940.508
0.00200423,0.970581,0.258337,247.329
0.00199763,0.969818,0.261324,1417.04
0.00199679,0.969238,0.263734,1440.1
0.00200196,0.968658,0.265565,11.6206
0.00199723,0.968109,0.267396,229.399
0.00200284,0.967651,0.269131,728.866
0.00199747,0.967254,0.270576,470.641
0.00200334,0.966918,0.271829,486.566
0.00199606,0.966674,0.272889,711.878
0.00201705,0.96643,0.27366,19.4117
0.0019856,0.966247,0.274431,455.561
0.00200561,0.966094,0.275009,252.272
0.00199394,0.966033,0.275491,715.869
0.00600262,0.966064,0.275684,186.202
0.00199648,0.966155,0.275588,640.925
0.00200501,0.966308,0.275298,473.2
0.00199437,0.96643,0.274817,-235.345
0.00200421,0.966613,0.274431,471.912
0.00199612,0.966796,0.273853,5.0803
0.00200342,0.96701,0.273275,232.869
0.00200197,0.967254,0.2726,239.638
0.00199651,0.967498,0.271829,4.45973
0.00199754,0.967773,0.271058,238.486
0.00200224,0.968048,0.270191,-5.87205
0.00199776,0.968383,0.269323,484.442
0.00200229,0.968688,0.268263,-245.935
0.00199875,0.969024,0.2673,243.38
0.00200112,0.96936,0.266239,-3.96148
0.00199793,0.969757,0.265179,483.7
0.00200439,0.970123,0.263926,-249.541
0.00199589,0.970489,0.26277,11.3885
0.00200961,0.970886,0.261614,216.94
0.0019919,0.971313,0.260361,268.418
0.00200137,0.97171,0.259011,-256.163
0.00199734,0.972137,0.257759,245.729
0.00200362,0.972564,0.256409,-11.41
0.00199664,0.972992,0.25506,10.8422
0.00200327,0.973419,0.253711,-11.9928
0.00199614,0.973877,0.252362,251.694
0.00200287,0.974304,0.250916,-251.977
0.00200006,0.974762,0.249567,243.485
0.00200074,0.975219,0.248121,-2.11596
0.00199871,0.975677,0.246676,2.75736
0.00200198,0.976165,0.24523,232.435
0.00199542,0.976623,0.243688,-229.066
0.00200284,0.977111,0.242243,224.783
0.00199783,0.977539,0.240701,-471.667
0.00200225,0.978027,0.239351,469.992
0.00199846,0.978485,0.237809,-233.667
0.0020016,0.978943,0.236364,-6.51743
0.0019976,0.979431,0.234918,246.586
0.00200394,0.979919,0.233376,-13.0295
0.00199619,0.980377,0.231834,-226.568
0.00200438,0.980865,0.230389,223.08
0.00199692,0.981353,0.228847,13.428
0.00200023,0.981811,0.227305,-246.839
0.00199786,0.9823,0.225859,243.588
0.00200365,0.982757,0.224317,-250.73
0.00199745,0.983215,0.222872,10.3195
0.00200062,0.983673,0.221426,-6.55427
0.0019996,0.9841,0.21998,-238.762
0.00200222,0.984497,0.218631,-244.326
0.00199852,0.984894,0.217378,4.98124
0.00200066,0.985321,0.216126,235.394
0.00199808,0.985718,0.214776,-236.59
0.00200346,0.986114,0.213524,-9.14176
0.00199658,0.986511,0.212271,9.97037
0.00200144,0.986938,0.211018,230.986
0.0019994,0.987396,0.209669,242.432
0.00200025,0.987854,0.208223,-2.33488
0.00200566,0.988342,0.206777,227.827
0.00199584,0.988769,0.205235,-463.301
0.00199925,0.989227,0.203886,233.332
0.00200131,0.989654,0.202441,-243.837
0.0019959,0.990051,0.201091,-232.318
0.0020031,0.990478,0,227.413
0.00199877,0.990875,0,-233.03
0.00200092,0.991333,0,475.229
0.00199892,0.99173,0,-476.603
0.00200203,0.992187,0,473.211
0.00199891,0.992584,0,-474.588
0.00200583,0.993011,0,227.246
0.00199211,0.993408,0,-218.758
0.00200536,0.993805,0,-20.9327
0.00199555,0.994202,0,15.0048
0.00200284,0.994598,0,-11.6509
0.00199643,0.994995,0,9.70378
0.00200193,0.995392,0,-8.86649
0.00199724,0.995758,0,-233.319
0.00200287,0.996124,0,-8.3718
0.00200022,0.99649,0,3.52863
0.00200123,0.996887,0,237.636
0.00200159,0.997192,0,-718.716
0.00199746,0.997528,0,245
0.00199784,0.997833,0,-240.943
0.00200283,0.998169,0,232.778
0.0019973,0.998474,0,-233.263
0.00200149,0.99881,0,234.048
0.00199705,0.999145,0,5.60205
0.00200415,0.99942,0,-486.935
0.00199776,0.999725,0,246.888
0.00200178,0.999969,0,-483.53
0.0019971,1,0,-1678.22
0.0360028,0.999817,0,-17.7644
0.00200145,0.999603,0,-1595.39
0.00199547,0.99942,0,235.886
0.00200155,0.999207,0,-234.781
0.00199961,0.999084,0,717.813
0.00200298,0.998962,0,1.70196
0.0019956,0.998871,0,237.269
0.00203156,0.998779,0,12.6296
0.00196963,0.998596,0,-763.875
0.00200318,0.998352,0,-453.25
0.00199578,0.998169,0,474.436
0.0020025,0.998047,0,483.106
0.00199947,0.997894,0,-241.147
0.00200237,0.997772,0,240.947
0.00199585,0.99762,0,-243.701
0.00200295,0.997467,0,4.36625
0.00199693,0.997345,0,236.909
0.00200291,0.997223,0,2.95654
0.00199709,0.997131,0,237.662
0.00200232,0.997009,0,-237.162
0.00199828,0.996918,0,238.236
0.00200133,0.996826,0,1.16576
0.00200957,0.996735,0,3.00328
0.00199398,0.996674,0,235.571
0.00199628,0.996643,0,241.161
0.00200223,0.996551,0,-477.526
0.00199799,0.99649,0,238.692
0.00200099,0.99646,0,240.193
0.00199726,0.996399,0,-240.748
0.00200199,0.996368,0,240.369
0.0160022,0.996399,0,33.6683
8.05601,0.996429,0,-0.00742821
0.00198926,0.99649,0,484.458
0.00200425,0.996521,0,-242.292
0.00199546,0.996551,0,1.03245
0.00799902,0.996582,0,-45.0875
0.00200314,0.996612,0,179.078
0.114,0.996643,0,-4.12512
0.016,0.996674,0,3.21655
0.00600235,0.996704,0,16.6202
0.00199655,0.996735,0,160.491
0.00400101,0.996765,0,-60.1409
0.00600284,0.996796,0,-13.3201
0.00199491,0.996826,0,160.828
0.00200503,0.996857,0,-1.23361
0.00199563,0.996887,0,1.10449
0.00400179,0.996918,0,-60.1958
0.00200257,0.996948,0,119.414
0.00200214,0.996979,0,0.0268175
0.00199664,0.997009,0,0.638209
0.00199909,0.99704,0,-0.318241
0.00200253,0.99707,0,-0.435228
0.00199741,0.997101,0,0.590774
0.00200027,0.997131,0,-0.366471
0.00199799,0.997162,0,0.250244
0.0020029,0.997223,0,238.359
0.00199722,0.997253,0,-239.015
0.00200377,0.997284,0,-0.806804
0.00199921,0.997314,0,0.522275
0.00200523,0.997345,0,-0.74106
0.00199282,0.997406,0,242.864
0.00200203,0.997436,0,-241.436
0.00199843,0.997467,0,0.408531
0.00200088,0.997528,0,239.137
0.00200225,0.997559,0,-239.501
0.00198857,0.997589,0,1.63215
0.00200626,0.99765,0,236.028
0.0040002,0.997711,0,-119.119
0.00200322,0.997772,0,238.499
0.00200231,0.997803,0,-238.942
0.00199691,0.997864,0,241.033
0.00199744,0.997925,0,-0.176281
0.00200154,0.997955,0,-240.325
0.00199968,0.997986,0,0.199916
0.00200212,0.998047,0,238.841
0.00199635,0.998108,0,1.34001
0.00200517,0.998169,0,-2.15363
0.00199583,0.998199,0,-238.473
0.00200149,0.99826,0,238.605
0.00199761,0.998322,0,0.885449
0.00200898,0.998352,0,-240.278
0.00199122,0.998413,0,243.895
0.0020033,0.998444,0,-241.82
0.0019963,0.998505,0,241.372
0.00200373,0.998566,0,-1.82397
0.00199694,0.998596,0,-238.818
0.00200456,0.998688,0,476.217
0.00199491,0.998718,0,-478.37
0.00200426,0.998779,0,237.505
0.00199526,0.99881,0,-238.69
0.00200486,0.998871,0,237.334
0.00199718,0.998932,0,1.79473
0.00200279,0.998962,0,-240.388
0.00199677,0.999023,0,241.139
0.00200196,0.999084,0,-1.28834
0.00199714,0.999115,0,-239.242
0.00200202,0.999145,0,-0.6088
0.00199847,0.999207,0,240.434
0.00200226,0.999237,0,-240.078
0.0019973,0.999298,0,240.885
0.00200413,0.999329,0,-240.358
0.00199666,0.99939,0,241.341
0.00200398,0.99942,0,-240.512
0.00199662,0.999481,0,241.338
0.00200175,0.999512,0,-240.523
0.00199854,0.999542,0,0.36154
0.00200135,0.999603,0,238.98
0.00399969,0.999664,0,-119.705
0.00400056,0.999725,0,-0.0495769
0.544043,0.999695,0,-0.884166
0.0500016,0.999664,0,-0.347293
0.00199795,0.999603,0,-470.717
0.00200253,0.999573,0,240.203
0.00399141,0.999542,0,59.7817
0.00199452,0.999512,0,-120.552
0.0040003,0.999481,0,60.2632
0.00400892,0.999451,0,0.140222
0.00399015,0.99942,0,-0.270112
0.0060133,0.99939,0,13.4515
